1754887898467 88.0 0
1754887901499 2.0 0
1754887907453 23.0 0
1754887908462 62.0 0
1754887909471 92.0 0
1754887912498 71.0 0
1754887913507 43.0 0
1754887920580 17.0 0
1754887923608 56.0 0
1754887925626 63.0 0
1754887926636 17.0 0
1754887930671 61.0 0
1754887933699 95.0 0
1754887934709 84.0 0
1754887936727 42.0 0
1754887937738 90.0 0
1754887940714 89.0 0
1754887942733 26.0 0
1754887945759 40.0 0
1754887951819 49.0 0
1754887966957 35.0 0
1754887968976 59.0 0
1754887972002 99.0 0
1754887977966 8.0 0
1754887982007 13.0 0
1754887985035 19.0 0
1754887986043 71.0 0
1754887988061 11.0 0
1754887991087 5.0 0
1754887998156 3.0 0
1754888002196 75.0 0
1754888003205 51.0 0
