1754887902507 71.0 0
1754887906445 12.0 0
1754887911489 77.0 0
1754887914515 17.0 0
1754887916539 32.0 0
1754887917551 8.0 0
1754887921590 29.0 0
1754887922600 39.0 0
1754887932690 11.0 0
1754887935717 42.0 0
1754887941724 59.0 0
1754887943741 51.0 0
1754887944751 86.0 0
1754887949800 68.0 0
1754887952827 32.0 0
1754887957871 34.0 0
1754887959891 9.0 0
1754887961910 24.0 0
1754887963930 87.0 0
1754887964939 56.0 0
1754887967968 23.0 0
1754887975945 98.0 0
1754887976954 45.0 0
1754887978981 72.0 0
1754887979990 30.0 0
1754887983016 92.0 0
1754887984026 69.0 0
1754887987053 53.0 0
1754887990079 85.0 0
1754887992098 64.0 0
1754887995128 8.0 0
1754887996138 79.0 0
1754887999164 86.0 0
1754888000175 91.0 0
1754888001184 26.0 0
1754888004215 40.0 0
