1754887899477 28.0 0
1754887900487 22.0 0
1754887903516 3.0 0
1754887910480 98.0 0
1754887915529 88.0 0
1754887918560 27.0 0
1754887919569 75.0 0
1754887924617 18.0 0
1754887927644 9.0 0
1754887928653 96.0 0
1754887929662 24.0 0
1754887931680 80.0 0
1754887946768 73.0 0
1754887947780 81.0 0
1754887948789 50.0 0
1754887950808 31.0 0
1754887953836 43.0 0
1754887954845 82.0 0
1754887955854 91.0 0
1754887956863 52.0 0
1754887958881 79.0 0
1754887960902 60.0 0
1754887962918 57.0 0
1754887965949 16.0 0
1754887969986 4.0 0
1754887970994 79.0 0
1754887974937 13.0 0
1754887980999 74.0 0
1754887989070 41.0 0
1754887993109 63.0 0
1754887994119 46.0 0
1754887997147 62.0 0
